M0c=49;
